32	0.323309
34	0.319935
38	0.320418
41	0.317469
45	0.317171
49	0.346901
53	0.346625
58	0.342393
64	0.332282
69	0.330711
76	0.330650
82	0.327949
90	0.329592
98	0.357970
107	0.363079
117	0.358222
128	0.366613
139	0.365520
152	0.357951
165	0.362072
181	0.376091
197	0.399934
215	0.396451
234	0.398787
256	0.412533
279	0.401270
304	0.393463
331	0.399556
362	0.409335
394	0.427518
430	0.426216
469	0.426451
512	0.559872
558	0.438270
608	0.546078
663	0.470279
724	0.438589
789	0.446296
861	0.574899
939	0.472130
1024	2.273843
1116	0.472496
1217	0.521086
1327	0.482202
1448	0.645528
1579	0.647648
1722	0.906590
1878	0.896851
2048	2.367669
2233	0.974301
2435	0.898004
2655	0.931818
2896	0.889776
3158	1.237819
3444	0.895937
3756	0.905236
4096	2.296129
4466	0.912155
4870	1.057275
5311	0.964243
5792	0.851908
6316	0.911659
6888	0.956624
7512	0.978340
8192	2.351638
8933	0.987316
9741	1.029614
10623	1.002982
11585	1.032439
12633	0.998342
13777	0.946065
15024	0.875623
16384	2.520669
17866	0.936527
19483	0.955803
21247	0.959237
23170	0.960958
25267	1.019435
27554	0.978284
30048	0.914836
32768	2.796631
35733	0.965688
38967	0.996856
