32	0.309617
34	0.313543
38	0.325115
41	0.319858
45	0.314996
49	0.328797
53	0.322325
58	0.331989
64	0.322677
69	0.325228
76	0.320595
82	0.324443
90	0.319762
98	0.317852
107	0.319676
117	0.319301
128	0.406858
139	0.316833
152	0.313528
165	0.324352
181	0.323419
197	0.320433
215	0.319370
234	0.323600
256	1.528617
279	0.332090
304	0.317742
331	0.348563
362	0.344874
394	0.422813
430	0.351808
469	0.368651
512	1.745086
558	0.367464
608	0.434946
663	0.399664
724	0.371335
789	0.395028
861	0.419830
939	0.534322
1024	3.179198
1116	0.430220
1217	0.438356
1327	0.498861
1448	0.426630
1579	0.614023
1722	0.784397
1878	0.744954
2048	3.201319
2233	1.013839
2435	1.068960
2655	1.097569
2896	1.112405
3158	1.313315
3444	1.269503
3756	1.295344
4096	3.384254
4466	1.410144
4870	1.462992
5311	1.512327
5792	1.559055
6316	1.624072
6888	1.694329
7512	1.732195
8192	3.867018
8933	1.842741
9741	1.860697
10623	1.874098
11585	1.902823
12633	1.972797
13777	2.060988
15024	2.135652
16384	4.400671
17866	2.334550
19483	2.447119
21247	2.588222
23170	2.686800
25267	2.832913
27554	2.953710
30048	2.947033
32768	5.399262
35733	3.269785
38967	3.321872
