256 8.705537459283388
304 8.969829950630828
362 9.307692307692308
430 9.746801085692129
512 10.102572451970042
608 10.389361118727722
724 10.724153810729911
861 11.105324298160697
1024 11.461663682239948
1217 11.827694836323792
1448 12.18188097156671
1722 12.500145194076081
2048 12.927158785708473
2435 13.269628311314943
2896 13.671769784172662
3444 13.978560712384455
4096 14.355686673448627
4870 14.737225777747357
5792 15.089090961411182
6888 15.416217000992088
8192 15.826432829443958
9741 16.172076311061684
11585 16.514321886374425
13777 16.89883983982773
16384 17.273531835244093
19483 17.624053654071535
23170 17.994605053985428
27554 18.356290413312124
32768 18.711953287522824
38967 19.086714770253334
46340 19.438362963469153
55108 19.80771941073108
