256 8.391530944625407
304 8.642347778387274
362 8.982496545370797
430 9.365257851880575
512 9.694236405079778
608 10.012064710721141
724 10.314529127331339
861 10.721587608906098
1024 11.010418362363666
1217 11.38583755649911
1448 11.696212731668009
1722 12.007259703804085
2048 12.420118824774152
2435 12.730850845369293
2896 13.14094964028777
3444 13.438706867347433
4096 13.789420142421159
4870 14.158355864334851
5792 14.471123133147248
6888 14.791589033803566
8192 15.189538361376167
9741 15.52512618701343
11585 15.861312923506308
13777 16.208986099853618
16384 16.57267835162711
19483 16.909022472775177
23170 17.261489436695705
27554 17.593976639669012
32768 17.945363084732488
38967 18.299994439715828
46340 18.633849927528154
55108 18.994238568624546
