10 256 2.5159
10 304 2.4927
10 362 2.5064
10 430 2.4916
10 512 2.5115
10 608 2.4939
10 724 2.5156
10 861 2.5073
10 1024 2.5117
10 1217 2.5303
10 1448 2.5062
10 1722 2.4896
10 2048 2.4811
10 2435 2.5417
10 2896 2.5258
10 3444 2.5088
10 4096 2.5319
10 4870 2.5052
10 5792 2.5357
10 6888 2.5215
10 8192 2.4995
10 9741 2.486
10 11585 2.5277
10 13777 2.536
10 16384 2.5301
10 19483 2.5346
10 23170 2.5162
10 27554 2.5021
10 32768 2.5149
10 38967 2.5107
10 46340 2.523
10 55108 2.5158
100 256 6.726
100 304 6.7324
100 362 6.7198
100 430 6.7032
100 512 6.7371
100 608 6.7292
100 724 6.7119
100 861 6.7223
100 1024 6.713
100 1217 6.717
100 1448 6.732
100 1722 6.7849
100 2048 6.757
100 2435 6.78
100 2896 6.757
100 3444 6.7867
100 4096 6.8139
100 4870 6.7884
100 5792 6.7501
100 6888 6.7796
100 8192 6.7854
100 9741 6.7912
100 11585 6.8035
100 13777 6.813
100 16384 6.7903
100 19483 6.8008
100 23170 6.8221
100 27554 6.8435
100 32768 6.806
100 38967 6.8303
100 46340 6.855
100 55108 6.8336
1000 1024 11.4205
1000 1217 11.4836
1000 1448 11.5556
1000 1722 11.617
1000 2048 11.5908
1000 2435 11.6298
1000 2896 11.6275
1000 3444 11.6152
1000 4096 11.7
1000 4870 11.648
1000 5792 11.67
1000 6888 11.6772
1000 8192 11.7026
1000 9741 11.7303
1000 11585 11.7695
1000 13777 11.9038
1000 16384 11.9355
1000 19483 12.0428
1000 23170 12.1369
1000 27554 12.1402
1000 32768 12.2165
1000 38967 12.1499
1000 46340 12.2794
1000 55108 12.2766
