10 256 2.4654
10 304 2.4294
10 362 2.4551
10 430 2.4377
10 512 2.4431
10 608 2.4423
10 724 2.463
10 861 2.4439
10 1024 2.4608
10 1217 2.4754
10 1448 2.4569
10 1722 2.4419
10 2048 2.4249
10 2435 2.4802
10 2896 2.4691
10 3444 2.4444
10 4096 2.4723
10 4870 2.4507
10 5792 2.4731
10 6888 2.4569
10 8192 2.4495
10 9741 2.4337
10 11585 2.4599
10 13777 2.4706
10 16384 2.4734
10 19483 2.465
10 23170 2.4562
10 27554 2.4541
10 32768 2.4483
10 38967 2.4644
10 46340 2.4609
10 55108 2.4458
100 256 6.4907
100 304 6.5352
100 362 6.5129
100 430 6.5123
100 512 6.5217
100 608 6.5294
100 724 6.5281
100 861 6.5126
100 1024 6.4999
100 1217 6.5207
100 1448 6.5152
100 1722 6.5817
100 2048 6.5275
100 2435 6.5441
100 2896 6.537
100 3444 6.5689
100 4096 6.5834
100 4870 6.5731
100 5792 6.5071
100 6888 6.5598
100 8192 6.5695
100 9741 6.5538
100 11585 6.5774
100 13777 6.5908
100 16384 6.5739
100 19483 6.583
100 23170 6.5965
100 27554 6.6181
100 32768 6.5924
100 38967 6.6005
100 46340 6.6119
100 55108 6.6327
1000 1024 11.0295
1000 1217 11.0934
1000 1448 11.1396
1000 1722 11.2326
1000 2048 11.2529
1000 2435 11.3042
1000 2896 11.2835
1000 3444 11.2876
1000 4096 11.3896
1000 4870 11.3852
1000 5792 11.4465
1000 6888 11.5367
1000 8192 11.695
1000 9741 11.6125
1000 11585 11.6483
1000 13777 11.7247
1000 16384 12.0036
1000 19483 11.879
1000 23170 11.6615
1000 27554 11.6896
1000 32768 12.0534
1000 38967 11.7183
1000 46340 11.8247
1000 55108 11.8451
